0.047117
0.133328
0.246201
0.329429
0.491533
0.281596
0.41702
0.552521
0.318359
0.446101
0.287124
0.255756
0.200995
0.193446
0.393032
0.260066
0.635744
0.730776
0.784117
0.77893
0.792197
0.782457
0.793507
0.767134
0.712157
0.638588
0.452633
0.360759
0.351783
0.284616
0.580939
0.758493
0.816547
0.838877
0.828489
0.803083
0.767558
0.688554
0.593349
0.562163
0.30857
0.488577
0.109628
0.174806
0.223164
0.434584
0.429229
0.517637
0.311656
0.251883
0.255357
0.209837
0.285488
0.36081
0.452676
0.242563
0.239852
0.189907
0.238218
0.358287
0.413154
0.153106
0.410419
0.426035
0.343661
0.433963
0.39955
0.392752
0.430541
0.460376
0.406767
0.381195
0.378437
0.332139
0.263133
0.334164
0.296278
0.331121
0.389193
0.40663
0.363853
0.26372
0.122407
0.156274
0
0.138724
0.184114
0.369579
0.350404
0.355848
0.293173
0.227435
0.450017
0.431636
0.345513
0.339443
0.402509
0.37733
0.431548
0.273365
0.31361
0.470865
0.440858
0.163628
0.084969
