-79.4621
-82.3442
-66.1572
-44.0035
-54.7984
-39.8638
-31.1253
-33.3214
-37.3934
-33.517
-33.0602
-37.6063
-40.9009
-42.1699
-37.8637
-32.6116
-31.641
-32.0939
-31.3721
-28.9755
-27.0639
-25.3366
-24.5782
-26.1047
-31.5821
-37.2307
-40.1656
-41.4712
-40.7117
-40.4114
-36.9621
-30.1268
-25.7614
-23.5421
-24.245
-25.5087
-26.5821
-27.0109
-27.7014
-28.1254
-38.2679
-49.9308
-44.8292
-38.1689
-38.9065
-29.6988
-27.0337
-28.4754
-29.7765
-38.4509
-43.7566
-41.4557
-37.8147
-34.9501
-37.5528
-40.5038
-41.3167
-42.4278
-42.4387
-41.1675
-38.445
-34.6224
-33.953
-33.8291
-34.5128
-35.9342
-39.9795
-42.8335
-43.175
-43.6796
-43.2607
-38.4177
-38.8509
-41.2084
-41.9256
-41.7754
-41.1192
-38.1607
-36.1518
-35.4006
-36.4967
-38.7281
-44.188
-56.5497
-73.0416
-52.1322
-38.9319
-35.9903
-38.7693
-40.0547
-41.7597
-33.5514
-34.0769
-34.0002
-34.7761
-34.8985
-34.9248
-35.7484
-38.1158
-41.1926
-42.063
-50.8663
-63.4991
-72.8617
-73.1448
