0.360002
0.315726
0.933794
0.92024
0.941872
0.907498
0.923399
0.970937
0.556064
0.196443
0.152626
-0.0816033
-0.169178
-0.147198
0.144897
0.97475
0.981275
0.979584
0.9798
0.978132
0.975878
0.977011
0.97631
0.97547
0.96633
0.969312
0.915706
0.883136
0.870618
0.891173
0.937218
0.973245
0.970803
0.971497
0.97297
0.977073
0.977625
0.976977
0.972991
0.969865
0.944523
0.997878
0.882523
0.842311
0.839143
0.97379
0.974384
0.980563
0.971418
0.970785
0.935509
0.521985
0.391877
0.368133
0.363168
0.426353
0.539131
0.633014
0.702438
0.957927
0.981794
0.960277
0.957356
0.952672
0.956709
0.955226
0.955499
0.993499
0.994779
0.993072
0.991121
0.972234
0.959491
0.937229
0.923568
0.92243
0.934338
0.957233
0.971213
0.968011
0.975741
0.986326
0.922091
0.798547
0.922646
0.790351
0.425684
0.424025
0.913942
0.982602
0.964171
0.950125
0.970058
0.974513
0.978888
0.98177
0.977969
0.978996
0.983513
0.986294
0.989432
0.992654
0.981371
0.888552
0.895925
