0.000031
0.000031
0.488281
0.000000
0.976562
0.000000
0.000061
0.000488
0.760864
0.761353
0.293030
0.000000
-0.000702
-0.005829
-0.013947
-0.025146
-0.034180
-0.038116
-0.040161
-0.042023
-0.042999
-0.042419
-0.040466
-0.033691
-0.031128
-0.036377
-0.047302
-0.063385
-0.082825
-0.106232
-0.124573
-0.128265
-0.104523
-0.032013
0.058594
0.121246
0.151764
0.165894
0.171600
0.148346
0.091492
0.020630
-0.040436
-0.085846
-0.127380
-0.166901
-0.173920
-0.143768
-0.096832
-0.052216
-0.006866
0.051239
0.112793
0.155334
0.162964
0.145752
0.124054
0.092773
0.043610
-0.008606
-0.047791
-0.067322
-0.077118
-0.079895
-0.073822
-0.053864
-0.023560
0.005585
0.024292
0.032074
0.029144
0.018799
0.003448
-0.014801
-0.030548
-0.039124
-0.038300
-0.028046
-0.008514
0.015259
0.036774
0.053650
0.063049
0.061646
0.049286
0.031494
0.010925
-0.010468
-0.030151
-0.044312
-0.048553
-0.038422
-0.018402
0.002411
0.022949
0.043793
0.061096
0.069550
0.066559
0.055420
0.040863
0.020325
-0.003174
-0.020264
-0.030548
-0.032654
-0.028046
-0.018219
-0.002533
0.017273
0.036041
0.050049
0.058197
0.061462
0.056854
0.045746
0.032898
0.019318
0.006195
-0.007111
-0.018860
-0.026306
-0.027252
-0.023926
-0.019257
-0.012878
-0.004822
0.000916
0.006226
0.011169
0.015137
0.019104
0.023010
0.024292
0.023529
0.023132
0.021576
0.016937
0.010681
0.002686
-0.005310
-0.013977
-0.021515
-0.027954
-0.032745
-0.033691
-0.031128
-0.024689
-0.015320
-0.007996
-0.002319
0.002167
0.005035
0.007538
0.004486
-0.005035
-0.010590
-0.012939
-0.014160
-0.015991
-0.017303
-0.012756
-0.007446
-0.006073
-0.009430
-0.011932
-0.011932
-0.019714
-0.035156
-0.048920
-0.054840
-0.049255
-0.046448
-0.048035
-0.045105
-0.036011
-0.025146
-0.027039
-0.035736
-0.044373
-0.057983
-0.080322
-0.115875
-0.143219
-0.142944
-0.098633
-0.009857
0.071442
0.117310
0.141846
0.161987
0.167023
0.131378
0.066895
0.002930
-0.049896
-0.093323
-0.139801
-0.171234
-0.159424
-0.118835
-0.075012
-0.041046
0.005646
0.070648
0.128845
0.155853
0.148376
0.128204
0.107941
0.069916
0.016296
-0.031799
-0.058075
-0.067932
-0.075653
-0.076324
-0.063690
-0.035431
-0.000122
0.025269
0.036102
0.036041
0.028503
0.015045
-0.005188
-0.025665
-0.041626
-0.047333
-0.041382
-0.025574
-0.002533
0.023987
0.047363
0.065186
0.072113
0.067230
0.053558
0.036072
0.016388
-0.007202
-0.029053
-0.043945
-0.044037
-0.029388
-0.010345
0.008240
0.027557
0.047882
0.063812
0.068512
0.063171
0.050903
0.036407
0.020172
-0.000183
-0.016235
-0.021912
-0.020172
-0.014130
-0.005127
0.008087
0.024292
0.039978
0.051422
0.056488
0.056580
0.051361
0.040039
0.026886
0.015228
0.004028
-0.006531
-0.015015
-0.020874
-0.021301
-0.017487
-0.010651
-0.002441
0.006226
0.012817
0.016754
0.019440
0.021362
0.024811
0.027771
0.026428
0.022949
0.020294
0.017700
0.014221
0.008026
0.001099
-0.004700
-0.010437
-0.016479
-0.023712
-0.026947
-0.025818
-0.023041
-0.019073
-0.013702
-0.006805
0.002136
0.009918
0.015442
0.016144
0.009583
0.002167
-0.002502
-0.007385
-0.014740
-0.019989
-0.019562
-0.016327
-0.012909
-0.011719
-0.010345
-0.008209
-0.010223
-0.019104
-0.030426
-0.034882
-0.036255
-0.038849
-0.041229
-0.040802
-0.036469
-0.031586
-0.031555
-0.034729
-0.038391
-0.046722
-0.067108
-0.095428
-0.125153
-0.148224
-0.132233
-0.052734
0.042206
0.102051
0.130005
0.154663
0.173737
0.157654
0.101196
0.030640
-0.020813
-0.060577
-0.109894
-0.155518
-0.160004
-0.127472
-0.088623
-0.060455
-0.025452
0.032867
0.097626
0.136017
0.137726
0.129822
0.122314
0.096191
0.046539
-0.002563
-0.032471
-0.046539
-0.057556
-0.066833
-0.065613
-0.045715
-0.016998
0.007050
0.022186
0.028717
0.026398
0.015411
-0.001282
-0.020020
-0.036438
-0.044434
-0.042694
-0.030548
-0.009918
0.015228
0.039459
0.060394
0.073425
0.072113
0.060333
0.044159
0.024841
0.000824
-0.023773
-0.044495
-0.053558
-0.045563
-0.029480
-0.012756
0.006897
0.032318
0.055176
0.068420
0.069977
0.062317
0.054321
0.038055
0.012421
-0.009216
-0.022156
-0.026642
-0.027313
-0.024231
-0.014313
0.001465
0.019409
0.035065
0.044769
0.052582
0.053467
0.046143
0.033905
0.021210
0.010132
-0.000946
-0.010132
-0.017944
-0.022491
-0.021393
-0.017181
-0.010101
-0.001099
0.005371
0.008545
0.010651
0.011200
0.012573
0.014130
0.016174
0.017029
0.017578
0.018036
0.016846
0.013489
0.008179
0.002228
-0.005615
-0.014862
-0.024292
-0.031891
-0.035675
-0.034576
-0.030029
-0.021637
-0.012573
-0.005798
0.000916
0.010986
0.016357
0.011322
0.002838
-0.003082
-0.008789
-0.016113
-0.023041
-0.026093
-0.025146
-0.020142
-0.018005
-0.017975
-0.011780
-0.009583
-0.014984
-0.021545
-0.028992
-0.032928
-0.033966
-0.038269
-0.046021
-0.048462
-0.042297
-0.036469
-0.037994
-0.042297
-0.048645
-0.060181
-0.076111
-0.099579
-0.128540
-0.149231
-0.128082
-0.048981
0.046326
0.105591
0.132202
0.157440
0.175507
0.152344
0.091400
0.027008
-0.021545
-0.065155
-0.116760
-0.160797
-0.165497
-0.133026
-0.095825
-0.068817
-0.031189
0.031555
0.096558
0.132477
0.137238
0.132568
0.125549
0.098114
0.047607
-0.001953
-0.030640
-0.044525
-0.058197
-0.068726
-0.065765
-0.047455
-0.020782
0.002808
0.016632
0.022400
0.020538
0.010437
-0.006683
-0.024658
-0.037628
-0.041748
-0.036804
-0.023132
-0.002167
0.023193
0.047516
0.066742
0.076324
0.073029
0.059906
0.041412
0.019592
-0.005219
-0.030548
-0.050781
-0.057556
-0.047638
-0.029755
-0.008881
0.014832
0.040222
0.062744
0.075348
0.074921
0.066772
0.053528
0.036072
0.013031
-0.011169
-0.023346
-0.027405
-0.026459
-0.021332
-0.011261
0.004944
0.023743
0.040558
0.051056
0.055756
0.056305
0.049774
0.037628
0.025635
0.014587
0.004547
-0.005768
-0.014130
-0.019287
-0.018890
-0.012970
-0.005554
-0.000122
0.004974
0.008423
0.009644
0.011230
0.014923
0.019012
0.021667
0.023773
0.025024
0.025085
0.023651
0.019196
0.011902
0.003387
-0.005554
-0.015320
-0.025146
-0.032440
-0.035736
-0.034393
-0.028778
-0.019836
-0.010437
-0.002563
0.005798
0.015533
0.018982
0.015839
0.008148
-0.000305
-0.007416
-0.016113
-0.020355
-0.019012
-0.017670
-0.014252
-0.011963
-0.009613
-0.005890
-0.007935
-0.015564
-0.024567
-0.032867
-0.041260
-0.046204
-0.044739
-0.042450
-0.039246
-0.032867
-0.028870
-0.024567
-0.027435
-0.035980
-0.051361
-0.069855
-0.093872
-0.129578
-0.159637
-0.142609
-0.061615
0.041748
0.106476
0.133240
0.160797
0.186737
0.171295
0.108704
0.038300
-0.011627
-0.057343
-0.114044
-0.163757
-0.169250
-0.132965
-0.095490
-0.069611
-0.032288
0.032440
0.100616
0.137665
0.141724
0.137573
0.130310
0.102417
0.049255
-0.001770
-0.028412
-0.039795
-0.053986
-0.067108
-0.064667
-0.044128
-0.018005
0.003693
0.017517
0.023132
0.021057
0.010712
-0.006012
-0.022675
-0.033997
-0.038818
-0.035034
-0.023010
-0.001709
0.023499
0.047516
0.065552
0.073120
0.069702
0.057495
0.040619
0.021637
-0.001892
-0.026520
-0.045898
-0.052948
-0.044739
-0.029053
-0.011383
0.010742
0.036041
0.058167
0.069427
0.069702
0.065277
0.055237
0.034576
0.008026
-0.014130
-0.025208
-0.029205
-0.030365
-0.026398
-0.014832
0.003601
0.021698
0.037292
0.050323
0.057617
0.056458
0.046539
0.033630
0.023193
0.012726
-0.000153
-0.012787
-0.021790
-0.025391
-0.024353
-0.019287
-0.011230
-0.002502
0.003662
0.006409
0.008026
0.011139
0.015778
0.018768
0.019318
0.018982
0.019714
0.019684
0.018433
0.014343
0.008789
0.000854
-0.008240
-0.019165
-0.027802
-0.033264
-0.036102
-0.034882
-0.030090
-0.021881
-0.012787
-0.005310
0.003113
0.013000
0.017334
0.013336
0.003174
-0.003510
-0.007782
-0.015625
-0.021698
-0.023163
-0.020874
-0.017700
-0.016785
-0.013763
-0.007660
-0.007050
-0.014160
-0.024689
-0.032654
-0.038544
-0.044861
-0.047913
-0.050140
-0.048553
-0.039612
-0.032501
-0.028595
-0.029236
-0.036469
-0.050781
-0.070190
-0.089630
-0.115570
-0.146484
-0.158508
-0.116638
-0.016418
0.081573
0.129639
0.152161
0.179688
0.189514
0.147766
0.072662
0.006836
-0.040710
-0.090729
-0.148956
-0.184723
-0.169098
-0.124542
-0.087708
-0.056702
-0.004547
0.069611
0.128143
0.147766
0.143616
0.137360
0.122589
0.079559
0.018402
-0.025330
-0.042755
-0.052246
-0.067413
-0.074371
-0.060394
-0.033203
-0.006866
0.010559
0.022186
0.026428
0.019287
0.001251
-0.019867
-0.034851
-0.041260
-0.042267
-0.035828
-0.019196
0.005951
0.033142
0.056244
0.071259
0.075134
0.067688
0.052216
0.031586
0.008148
-0.015900
-0.037964
-0.052246
-0.052063
-0.040344
-0.023193
-0.002228
0.022430
0.046875
0.063721
0.070709
0.069122
0.059448
0.043030
0.020966
-0.003265
-0.019928
-0.027588
-0.029480
-0.025208
-0.014526
0.001434
0.019989
0.036774
0.049622
0.056732
0.057434
0.051788
0.041229
0.029694
0.016876
0.002747
-0.010010
-0.018677
-0.023590
-0.023071
-0.017303
-0.007294
0.001251
0.007263
0.011139
0.013123
0.015686
0.018219
0.018829
0.017761
0.016968
0.016388
0.016327
0.016205
0.014038
0.010193
0.004944
-0.001404
-0.009247
-0.017059
-0.023468
-0.027771
-0.029449
-0.026978
-0.020935
-0.012451
-0.005554
-0.000275
0.005524
0.011536
0.012726
0.006897
-0.001678
-0.006348
-0.007751
-0.012726
-0.015656
-0.012787
-0.008881
-0.007812
-0.008759
-0.007843
-0.004913
-0.008392
-0.018921
-0.030396
-0.037659
-0.038544
-0.042084
-0.043335
-0.038788
-0.033539
-0.028107
-0.025085
-0.024323
-0.024475
-0.029694
-0.046295
-0.067291
-0.088074
-0.111908
-0.140808
-0.160522
-0.130127
-0.033844
0.073090
0.134583
0.161835
0.188141
0.202362
0.170685
0.100403
0.027161
-0.031311
-0.086029
-0.145813
-0.188477
-0.182312
-0.139313
-0.095825
-0.057739
-0.003754
0.069092
0.132660
0.161285
0.159393
0.147766
0.127625
0.084015
0.024445
-0.021759
-0.042084
-0.051361
-0.062592
-0.066101
-0.053497
-0.028015
-0.002289
0.016174
0.027161
0.029388
0.019714
0.000763
-0.019867
-0.033508
-0.040558
-0.042175
-0.034973
-0.017883
0.008331
0.036194
0.058777
0.075226
0.080811
0.072937
0.054718
0.033142
0.011078
-0.011017
-0.030579
-0.043396
-0.046143
-0.036865
-0.020142
-0.001862
0.018677
0.040741
0.059509
0.068176
0.064362
0.054077
0.040588
0.022095
0.000824
-0.016266
-0.023560
-0.022339
-0.015991
-0.005707
0.007446
0.023651
0.038300
0.046387
0.048676
0.047241
0.042328
0.034119
0.022278
0.008698
-0.003052
-0.011932
-0.018829
-0.021973
-0.019257
-0.012482
-0.004974
0.001068
0.005402
0.008728
0.012085
0.015015
0.016205
0.015198
0.012970
0.011139
0.011383
0.013092
0.012512
0.009918
0.006561
0.002655
-0.002960
-0.010010
-0.016937
-0.021820
-0.025269
-0.027466
-0.026398
-0.019989
-0.011017
-0.004578
-0.001923
0.001343
0.005096
0.005402
0.000702
-0.005859
-0.010162
-0.012299
-0.013702
-0.011719
-0.009918
-0.007935
-0.008636
-0.014404
-0.016266
-0.016388
-0.021271
-0.028198
-0.036499
-0.039642
-0.039429
-0.041046
-0.040771
-0.039581
-0.034302
-0.029083
-0.027039
-0.027618
-0.033386
-0.044830
-0.056366
-0.076233
-0.098846
-0.121582
-0.145416
-0.151733
-0.108582
-0.006653
0.092346
0.142578
0.164398
0.186218
0.190033
0.148224
0.070953
0.000214
-0.053009
-0.106049
-0.160461
-0.187988
-0.165680
-0.119202
-0.077545
-0.038086
0.018036
0.087128
0.138397
0.152557
0.144867
0.131683
0.107300
0.058624
0.001221
-0.034637
-0.047180
-0.055084
-0.066040
-0.065918
-0.047363
-0.020691
0.001495
0.015747
0.024597
0.025482
0.013794
-0.005951
-0.024841
-0.036835
-0.043182
-0.043182
-0.035278
-0.017426
0.007843
0.035095
0.056671
0.069885
0.072906
0.064911
0.047394
0.026672
0.005432
-0.014221
-0.029999
-0.040100
-0.041046
-0.031219
-0.014526
0.004150
0.023529
0.044098
0.061127
0.066406
0.059021
0.047882
0.033936
0.015411
-0.004578
-0.018860
-0.022797
-0.018311
-0.010529
-0.001099
0.012207
0.028137
0.039825
0.044525
0.044434
0.042938
0.038361
0.030609
0.018250
0.006226
-0.002411
-0.008148
-0.013245
-0.015137
-0.012482
-0.006744
-0.001007
0.001343
0.002747
0.005188
0.008575
0.010590
0.011841
0.012726
0.013641
0.014343
0.015411
0.016144
0.015717
0.014130
0.010773
0.005249
-0.002563
-0.010620
-0.017242
-0.022156
-0.025696
-0.027344
-0.024292
-0.017212
-0.009338
-0.004120
-0.002502
0.000671
0.006042
0.007050
0.001251
-0.004395
-0.005646
-0.006683
-0.010010
-0.011780
-0.008789
-0.006714
-0.007690
-0.012177
-0.014099
-0.013092
-0.016205
-0.024994
-0.036743
-0.041870
-0.040375
-0.040924
-0.038055
-0.030762
-0.026520
-0.019623
-0.015717
-0.020874
-0.030640
-0.039764
-0.055267
-0.078949
-0.104004
-0.128662
-0.142578
-0.124390
-0.071014
0.013672
0.099091
0.152039
0.173279
0.179138
0.171326
0.128693
0.058380
-0.009277
-0.067505
-0.117615
-0.150665
-0.162598
-0.141235
-0.100372
-0.055542
-0.010559
0.041504
0.097382
0.135223
0.146271
0.136230
0.112518
0.080994
0.039001
-0.005463
-0.033966
-0.046906
-0.050781
-0.052185
-0.045441
-0.027649
-0.004333
0.015533
0.026306
0.027374
0.022705
0.009583
-0.008362
-0.025879
-0.037811
-0.042786
-0.040802
-0.029694
-0.009705
0.016296
0.042664
0.061676
0.071533
0.071991
0.062408
0.045593
0.024719
0.005249
-0.010529
-0.022766
-0.030243
-0.029724
-0.019348
-0.004242
0.011871
0.029144
0.047638
0.059143
0.059235
0.051056
0.038910
0.024567
0.007690
-0.009216
-0.019714
-0.019287
-0.012085
-0.003540
0.005524
0.017914
0.029785
0.038879
0.042603
0.042938
0.041199
0.035614
0.025330
0.013184
0.003265
-0.003632
-0.009888
-0.014313
-0.015106
-0.013306
-0.008392
-0.004028
-0.000488
0.001190
0.002136
0.004578
0.006897
0.009979
0.013092
0.014221
0.014923
0.015564
0.015717
0.015015
0.012115
0.007385
0.000061
-0.008545
-0.016632
-0.023468
-0.027527
-0.029083
-0.028534
-0.024567
-0.017212
-0.010956
-0.005829
-0.001190
0.001862
0.003479
0.002319
-0.003784
-0.006653
-0.008514
-0.013153
-0.015167
-0.016876
-0.015320
-0.011261
-0.012848
-0.013885
-0.016907
-0.020020
-0.024170
-0.035095
-0.040710
-0.041931
-0.043976
-0.039764
-0.038757
-0.035065
-0.027252
-0.027527
-0.028656
-0.036407
-0.049194
-0.064575
-0.087708
-0.110229
-0.126465
-0.124603
-0.098358
-0.045532
0.038055
0.113770
0.149689
0.158691
0.157257
0.137970
0.088959
0.021423
-0.036530
-0.082672
-0.117035
-0.142029
-0.145416
-0.116852
-0.074768
-0.034729
0.004547
0.050629
0.096863
0.124634
0.127899
0.114166
0.092407
0.064453
0.024261
-0.014771
-0.036835
-0.043854
-0.047913
-0.051086
-0.043854
-0.025208
-0.005005
0.009155
0.016602
0.019409
0.015167
0.001984
-0.014465
-0.027893
-0.035034
-0.036316
-0.033142
-0.022308
-0.003387
0.020386
0.041565
0.055603
0.061462
0.058960
0.048920
0.033844
0.016052
-0.000061
-0.014465
-0.025269
-0.030090
-0.027466
-0.017853
-0.003754
0.015625
0.035095
0.048584
0.057007
0.058014
0.049347
0.034882
0.019043
0.001801
-0.013763
-0.022278
-0.023041
-0.017120
-0.005646
0.006989
0.018280
0.029266
0.038300
0.043976
0.044159
0.039795
0.031769
0.021362
0.011536
0.002106
-0.006012
-0.009460
-0.011047
-0.012268
-0.011566
-0.009003
-0.004272
0.000122
0.001404
0.001343
0.001221
0.002777
0.006104
0.010925
0.015594
0.019012
0.020508
0.020844
0.018555
0.014618
0.008759
0.001129
-0.008728
-0.020264
-0.028900
-0.032501
-0.032684
-0.029999
-0.024017
-0.015839
-0.007080
-0.000458
0.003021
0.006592
0.012054
0.010223
0.001495
-0.006348
-0.010315
-0.011261
-0.011993
-0.012573
-0.014008
-0.015045
-0.015381
-0.018494
-0.020782
-0.022003
-0.026947
-0.031189
-0.031830
-0.032715
-0.034210
-0.034027
-0.031342
-0.034515
-0.038971
-0.042511
-0.045898
-0.051880
-0.061310
-0.075317
-0.094299
-0.108307
-0.100708
-0.075745
-0.027466
0.047943
0.114838
0.145508
0.143829
0.134430
0.116364
0.072632
0.013062
-0.040955
-0.079651
-0.103607
-0.121826
-0.122467
-0.095612
-0.055573
-0.019196
0.011993
0.048553
0.087128
0.113312
0.120148
0.108032
0.088867
0.066193
0.032501
-0.002716
-0.024872
-0.032043
-0.036316
-0.043182
-0.042084
-0.027740
-0.008667
0.005676
0.012299
0.016418
0.015808
0.005615
-0.007843
-0.019073
-0.023438
-0.024689
-0.021332
-0.012207
0.003448
0.023926
0.043640
0.057007
0.062958
0.060699
0.050293
0.034393
0.017151
-0.000153
-0.015045
-0.025024
-0.029358
-0.026337
-0.016113
-0.000397
0.018494
0.038116
0.054077
0.061554
0.061920
0.055481
0.042603
0.026428
0.008820
-0.007385
-0.018097
-0.022034
-0.018982
-0.009674
0.004150
0.018738
0.030853
0.039093
0.042847
0.044006
0.041565
0.034149
0.022888
0.012268
0.004364
-0.001282
-0.004120
-0.004456
-0.003326
-0.002594
-0.003387
-0.004120
-0.003113
-0.001526
-0.001160
-0.002319
-0.002960
-0.000610
0.005615
0.013855
0.022003
0.027527
0.029785
0.027740
0.021729
0.014130
0.005676
-0.005066
-0.017548
-0.029724
-0.038055
-0.040741
-0.038300
-0.031525
-0.022003
-0.010895
-0.000183
0.006927
0.010986
0.016876
0.018219
0.009094
-0.002289
-0.009766
-0.013519
-0.015778
-0.017883
-0.016968
-0.013885
-0.014526
-0.018921
-0.023438
-0.023926
-0.024170
-0.029785
-0.036957
-0.037689
-0.035217
-0.033234
-0.029205
-0.028534
-0.028992
-0.030243
-0.036530
-0.045959
-0.055725
-0.067505
-0.084259
-0.105682
-0.112457
-0.099457
-0.075348
-0.030304
0.040588
0.111389
0.144623
0.141571
0.131805
0.115570
0.074127
0.014832
-0.040558
-0.078125
-0.103882
-0.122589
-0.124786
-0.101990
-0.062042
-0.024567
0.006134
0.040375
0.079163
0.106903
0.113678
0.101685
0.083557
0.062225
0.032104
-0.003448
-0.026489
-0.031860
-0.034088
-0.039581
-0.038452
-0.025024
-0.007202
0.004608
0.010132
0.011383
0.007172
-0.004791
-0.020111
-0.031677
-0.035828
-0.033234
-0.025177
-0.011963
0.006683
0.027679
0.046936
0.059204
0.063599
0.060120
0.048248
0.029755
0.009827
-0.008362
-0.024658
-0.035034
-0.037140
-0.031891
-0.019043
-0.002563
0.015778
0.032928
0.048615
0.058533
0.057129
0.047485
0.036438
0.023102
0.006317
-0.008942
-0.017822
-0.020111
-0.018524
-0.011322
-0.000336
0.015076
0.029846
0.037781
0.040497
0.041077
0.038422
0.031677
0.021820
0.011261
0.003601
-0.001831
-0.006165
-0.009521
-0.009827
-0.006775
-0.005585
-0.005615
-0.005249
-0.003693
-0.001404
-0.000610
-0.000641
0.001465
0.007477
0.014679
0.020691
0.024933
0.028564
0.027679
0.021820
0.012115
0.002045
-0.007751
-0.017792
-0.027893
-0.035309
-0.036346
-0.033325
-0.027069
-0.019287
-0.008881
0.001190
0.006561
0.009491
0.011017
0.011047
0.009918
0.002747
-0.005737
-0.009979
-0.012848
-0.014038
-0.013367
-0.013763
-0.013550
-0.015869
-0.014709
-0.016479
-0.021973
-0.025574
-0.033142
-0.037872
-0.038544
-0.041107
-0.039307
-0.030762
-0.030212
-0.031952
-0.032776
-0.038147
-0.046295
-0.058960
-0.073853
-0.090240
-0.101746
-0.093842
-0.073944
-0.044739
0.016418
0.086517
0.131622
0.140930
0.131348
0.120575
0.090820
0.037201
-0.017822
-0.059937
-0.087738
-0.109619
-0.121613
-0.107117
-0.074982
-0.037231
-0.004669
0.027985
0.067047
0.099152
0.114288
0.110870
0.095612
0.078003
0.051208
0.016510
-0.012177
-0.025787
-0.030151
-0.036285
-0.040009
-0.031464
-0.017365
-0.003998
0.004089
0.009827
0.010529
0.002808
-0.008698
-0.020294
-0.026672
-0.025543
-0.019287
-0.009918
0.004059
0.022125
0.040527
0.053284
0.059845
0.059296
0.052185
0.038239
0.020172
0.002411
-0.014008
-0.025970
-0.031921
-0.029510
-0.019806
-0.004822
0.012238
0.029755
0.043915
0.055511
0.058990
0.052490
0.042023
0.028290
0.012909
-0.000885
-0.010498
-0.014893
-0.013763
-0.008972
0.000793
0.012848
0.027710
0.039154
0.044403
0.045685
0.043396
0.036591
0.027710
0.017761
0.008850
0.000732
-0.005707
-0.010498
-0.012054
-0.010468
-0.006744
-0.002838
0.000519
0.002777
0.003784
0.005035
0.006805
0.008911
0.011810
0.014984
0.017761
0.020233
0.022003
0.022644
0.019836
0.013885
0.007324
-0.001678
-0.010864
-0.018250
-0.024292
-0.027344
-0.027496
-0.025116
-0.019531
-0.012207
-0.004517
0.001556
0.005829
0.008667
0.009094
0.006836
0.001282
-0.004852
-0.005920
-0.008179
-0.013153
-0.015045
-0.014099
-0.011597
-0.010986
-0.013794
-0.016266
-0.018982
-0.024170
-0.028412
-0.032074
-0.033417
-0.033905
-0.035583
-0.036713
-0.035065
-0.032166
-0.033081
-0.036377
-0.044128
-0.054047
-0.064667
-0.080170
-0.096710
-0.105988
-0.095215
-0.068939
-0.037262
0.021606
0.095734
0.138916
0.145020
0.136292
0.123444
0.089081
0.030731
-0.025574
-0.068054
-0.097931
-0.119507
-0.132111
-0.115906
-0.079498
-0.040161
-0.002991
0.034210
0.074493
0.105103
0.116272
0.110168
0.093323
0.074097
0.045593
0.007690
-0.020142
-0.031281
-0.034882
-0.040131
-0.042450
-0.031708
-0.015472
-0.004120
0.002258
0.006500
0.006805
-0.001953
-0.016602
-0.027588
-0.033264
-0.031982
-0.025146
-0.014893
0.000366
0.019745
0.039032
0.051849
0.057892
0.058411
0.051086
0.035461
0.016968
-0.001831
-0.018097
-0.030487
-0.036224
-0.033356
-0.023224
-0.008270
0.008514
0.025208
0.040192
0.049927
0.054169
0.050537
0.037872
0.024017
0.009918
-0.002655
-0.011841
-0.017426
-0.016510
-0.009918
0.000885
0.013763
0.026917
0.037231
0.043030
0.041626
0.037598
0.029999
0.021210
0.012604
0.001801
-0.007782
-0.013733
-0.015839
-0.014801
-0.011627
-0.005646
0.000183
0.002869
0.003662
0.003845
0.006073
0.007050
0.007385
0.008789
0.010803
0.013214
0.015778
0.016754
0.016876
0.014801
0.010101
0.003998
-0.002777
-0.009430
-0.016602
-0.022369
-0.024994
-0.025055
-0.022858
-0.018707
-0.012726
-0.005493
-0.001129
0.001648
0.003632
0.004852
0.002960
-0.002777
-0.006592
-0.007019
-0.007507
-0.008759
-0.010620
-0.010559
-0.009796
-0.012817
-0.017975
-0.021820
-0.025116
-0.029053
-0.032379
-0.033142
-0.030823
-0.030731
-0.031250
-0.029968
-0.030365
-0.030579
-0.031952
-0.034760
-0.039001
-0.051819
-0.068329
-0.085968
-0.103851
-0.115082
-0.107880
-0.078735
-0.040619
0.017151
0.092957
0.145142
0.158051
0.149994
0.136139
0.104553
0.044220
-0.019104
-0.067810
-0.104401
-0.128479
-0.140533
-0.126190
-0.087799
-0.044403
-0.001587
0.039642
0.081146
0.113770
0.125763
0.118195
0.096985
0.072205
0.044189
0.007568
-0.021790
-0.034241
-0.036133
-0.038147
-0.037964
-0.025543
-0.008026
0.003967
0.009888
0.011749
0.009796
-0.000061
-0.016327
-0.029480
-0.036591
-0.035034
-0.028015
-0.016479
0.001465
0.023346
0.044067
0.058777
0.065369
0.065582
0.057343
0.041809
0.021118
0.001373
-0.014130
-0.026733
-0.031891
-0.029510
-0.019501
-0.004150
0.013153
0.030151
0.043976
0.052765
0.057617
0.052948
0.039581
0.026428
0.013275
-0.000244
-0.009369
-0.012207
-0.008911
-0.001404
0.008331
0.018799
0.030426
0.038879
0.041992
0.041229
0.038177
0.033081
0.025177
0.015808
0.006348
-0.001831
-0.007690
-0.009949
-0.010132
-0.007385
-0.002808
0.001373
0.004333
0.006287
0.008118
0.010132
0.011230
0.011932
0.012756
0.014557
0.015289
0.016052
0.017212
0.016418
0.014252
0.011627
0.006958
0.001160
-0.006317
-0.012848
-0.017242
-0.020355
-0.020203
-0.018402
-0.014648
-0.009674
-0.005035
-0.000854
0.001221
0.003143
0.005280
0.004028
0.000275
-0.002655
-0.004059
-0.004944
-0.006927
-0.011017
-0.012878
-0.012451
-0.013885
-0.016785
-0.019897
-0.022461
-0.024445
-0.029419
-0.032684
-0.032104
-0.029572
-0.025452
-0.024963
-0.025879
-0.024353
-0.026794
-0.033081
-0.040405
-0.050354
-0.057922
-0.069305
-0.083740
-0.099396
-0.112061
-0.101044
-0.072906
-0.038818
0.023651
0.099854
0.149994
0.159607
0.149933
0.137939
0.099426
0.033936
-0.028809
-0.077515
-0.109375
-0.130890
-0.138824
-0.117767
-0.078796
-0.033783
0.007477
0.046295
0.085083
0.111237
0.118713
0.106110
0.082153
0.059631
0.031586
-0.001892
-0.026611
-0.033112
-0.029877
-0.030670
-0.029022
-0.016602
-0.002319
0.004883
0.005371
0.003937
-0.000671
-0.012512
-0.026306
-0.036957
-0.040588
-0.036041
-0.026855
-0.012970
0.006104
0.027527
0.046661
0.057617
0.060760
0.057098
0.046539
0.029694
0.011200
-0.004395
-0.016083
-0.023895
-0.025818
-0.022217
-0.012604
0.000000
0.013885
0.025604
0.034393
0.040649
0.040009
0.037994
0.033234
0.021271
0.011780
0.002686
-0.003967
-0.004120
-0.003204
0.001526
0.007935
0.013763
0.021515
0.024933
0.027344
0.029663
0.027557
0.025177
0.018677
0.011139
0.004730
-0.001770
-0.006104
-0.008240
-0.008606
-0.007721
-0.007660
-0.004211
-0.001251
0.000824
0.003723
0.005585
0.007385
0.008575
0.009430
0.011169
0.011292
0.012146
0.011810
0.010651
0.007996
0.003937
0.000183
-0.003540
-0.007721
-0.010559
-0.013275
-0.013824
-0.013824
-0.013824
-0.012817
-0.011017
-0.008331
-0.005280
-0.005707
-0.004395
-0.001312
-0.002411
-0.006500
-0.008545
-0.005798
-0.004852
-0.009583
-0.012238
-0.009369
-0.009766
-0.015228
-0.019409
-0.021637
-0.025726
-0.030426
-0.034119
-0.033905
-0.028625
-0.026550
-0.025635
-0.021973
-0.020844
-0.022156
-0.029572
-0.040070
-0.049438
-0.060669
-0.070648
-0.084045
-0.097748
-0.107391
-0.108948
-0.086670
-0.051178
-0.002502
0.072418
0.137360
0.162903
0.157806
0.142273
0.115967
0.060028
-0.006531
-0.058685
-0.096893
-0.119690
-0.132751
-0.125549
-0.090424
-0.047363
-0.005341
0.031982
0.066986
0.097931
0.112274
0.108856
0.090027
0.067444
0.046143
0.015900
-0.013550
-0.026398
-0.025177
-0.023010
-0.025696
-0.020782
-0.007843
0.002533
0.006012
0.006012
0.005524
-0.000702
-0.014557
-0.028168
-0.036743
-0.036469
-0.029938
-0.018707
-0.003448
0.016174
0.036957
0.052185
0.059662
0.060425
0.054504
0.041901
0.025055
0.008850
-0.003540
-0.013550
-0.019470
-0.019257
-0.012695
-0.001282
0.011169
0.023346
0.033600
0.041168
0.043335
0.041901
0.035248
0.024689
0.014343
0.004669
-0.002716
-0.005157
-0.003357
0.002258
0.008942
0.015411
0.024170
0.031494
0.034485
0.035217
0.034210
0.031311
0.024658
0.016815
0.009766
0.003052
-0.002686
-0.006927
-0.007416
-0.006409
-0.006012
-0.003296
-0.000031
0.002869
0.005768
0.008423
0.011810
0.013947
0.014587
0.015869
0.015503
0.015167
0.015472
0.013489
0.011475
0.008453
0.004700
0.000031
-0.003845
-0.006897
-0.009430
-0.011871
-0.011963
-0.010010
-0.006561
-0.003845
-0.002441
-0.000580
-0.000977
-0.001556
-0.001099
-0.002838
-0.005890
-0.007324
-0.008942
-0.009064
-0.009552
-0.011230
-0.007965
-0.007263
-0.010498
-0.013733
-0.018280
-0.020905
-0.022919
-0.026978
-0.028809
-0.031067
-0.032074
-0.028961
-0.025055
-0.020996
-0.020203
-0.024261
-0.025940
-0.034088
-0.046356
-0.054169
-0.064392
-0.078247
-0.093903
-0.112518
-0.115997
-0.092834
-0.053375
0.005554
0.080231
0.142303
0.168243
0.162964
0.147980
0.113800
0.055542
-0.007233
-0.062073
-0.103180
-0.127289
-0.135498
-0.121796
-0.088135
-0.044922
-0.003662
0.033234
0.068787
0.095825
0.108459
0.104187
0.085419
0.062378
0.036865
0.007263
-0.016602
-0.025879
-0.024231
-0.024078
-0.023376
-0.015656
-0.005005
0.003387
0.006500
0.005615
0.001770
-0.008911
-0.023102
-0.035797
-0.041718
-0.038635
-0.030151
-0.017914
-0.001740
0.017395
0.037384
0.050873
0.056549
0.056335
0.050110
0.037811
0.022095
0.007385
-0.004028
-0.011902
-0.017853
-0.020203
-0.015289
-0.004333
0.007629
0.018524
0.027313
0.034149
0.035126
0.031830
0.027924
0.021149
0.012756
0.005554
-0.000977
-0.004547
-0.004425
-0.002625
0.002228
0.009033
0.016357
0.023193
0.026886
0.029327
0.030151
0.028992
0.024261
0.016388
0.008148
-0.000061
-0.006836
-0.011383
-0.013428
-0.012970
-0.011322
-0.009033
-0.005188
-0.000946
0.003998
0.009247
0.012329
0.012970
0.012146
0.011475
0.009888
0.008240
0.007233
0.006134
0.004883
0.002594
0.000610
-0.001160
-0.002991
-0.005554
-0.009338
-0.011932
-0.012451
-0.012421
-0.011658
-0.010284
-0.009003
-0.007385
-0.007050
-0.005737
-0.002411
-0.001465
-0.005157
-0.009247
-0.010803
-0.014313
-0.015167
-0.014801
-0.014801
-0.012909
-0.014832
-0.017731
-0.019043
-0.021118
-0.023499
-0.029144
-0.033234
-0.032196
-0.028229
-0.023346
-0.023590
-0.025330
-0.025116
-0.030273
-0.038727
-0.045959
-0.051331
-0.057220
-0.068634
-0.082092
-0.095886
-0.111053
-0.109253
-0.078461
-0.018921
0.057770
0.116547
0.146759
0.156677
0.151764
0.125946
0.072662
0.012665
-0.035431
-0.077850
-0.112701
-0.131195
-0.124054
-0.095367
-0.062866
-0.028778
0.009857
0.050720
0.084045
0.098907
0.100739
0.094116
0.076019
0.048920
0.016510
-0.006836
-0.016479
-0.020660
-0.025269
-0.027283
-0.019562
-0.008667
-0.002136
0.004028
0.010010
0.010284
0.000885
-0.014862
-0.027924
-0.034851
-0.036743
-0.034119
-0.025513
-0.010529
0.007660
0.026520
0.042572
0.054047
0.059052
0.056000
0.046021
0.033234
0.020203
0.007568
-0.003448
-0.012085
-0.017700
-0.019745
-0.014191
-0.003113
0.010101
0.023376
0.033234
0.037262
0.037231
0.034973
0.030365
0.021729
0.012848
0.004791
-0.001923
-0.005341
-0.005066
-0.000977
0.006104
0.013947
0.020050
0.025848
0.031036
0.033997
0.034241
0.031769
0.025787
0.016510
0.007355
-0.001221
-0.007172
-0.009216
-0.009552
-0.008942
-0.006958
-0.004059
-0.000702
0.003632
0.009399
0.013489
0.014740
0.013702
0.012787
0.012268
0.011566
0.011841
0.011322
0.010162
0.007904
0.004944
0.003021
0.001526
-0.001007
-0.004333
-0.007416
-0.008850
-0.009613
-0.007996
-0.004608
-0.003326
-0.003845
-0.003571
-0.002960
-0.001740
-0.000458
-0.003418
-0.006622
-0.008575
-0.010986
-0.011902
-0.011139
-0.009674
-0.007690
-0.009827
-0.012207
-0.013611
-0.017334
-0.022339
-0.027435
-0.031372
-0.035370
-0.035431
-0.029663
-0.024567
-0.020081
-0.018311
-0.020935
-0.024597
-0.031952
-0.040619
-0.047302
-0.058258
-0.073273
-0.087952
-0.103577
-0.116516
-0.102936
-0.057465
0.008026
0.077087
0.127686
0.154968
0.159790
0.144836
0.109222
0.053467
-0.003448
-0.049713
-0.092102
-0.118927
-0.126709
-0.111511
-0.081024
-0.048981
-0.012512
0.025726
0.061798
0.086548
0.095612
0.094360
0.082214
0.059204
0.032654
0.006653
-0.009674
-0.015900
-0.018280
-0.020142
-0.019287
-0.011688
-0.003387
0.002167
0.005890
0.006897
0.001495
-0.009979
-0.024139
-0.034424
-0.040131
-0.038300
-0.031952
-0.020721
-0.004364
0.014679
0.032501
0.047180
0.055450
0.057526
0.052826
0.042603
0.029297
0.015808
0.003387
-0.008240
-0.017792
-0.023499
-0.022217
-0.013672
-0.001434
0.010834
0.022003
0.029907
0.032440
0.030334
0.027802
0.025635
0.020538
0.012695
0.003387
-0.002350
-0.004364
-0.005524
-0.003571
0.002960
0.010620
0.017242
0.021729
0.026825
0.031342
0.032379
0.027344
0.017822
0.009583
0.001953
-0.005127
-0.011261
-0.013580
-0.012115
-0.011505
-0.010376
-0.007233
-0.001953
0.004211
0.007050
0.008301
0.008545
0.007629
0.007202
0.006775
0.007965
0.010284
0.010193
0.008881
0.005524
0.003357
0.001373
-0.002289
-0.006531
-0.011047
-0.014191
-0.014954
-0.015137
-0.013092
-0.010498
-0.009674
-0.009338
-0.008453
-0.006561
-0.004852
-0.006042
-0.007874
-0.010681
-0.011871
-0.014374
-0.016205
-0.014435
-0.013947
-0.013336
-0.015442
-0.019043
-0.019836
-0.023132
-0.030060
-0.035278
-0.035767
-0.032593
-0.031097
-0.029297
-0.027039
-0.026184
-0.026733
-0.031036
-0.036133
-0.042572
-0.052460
-0.063721
-0.078125
-0.090515
-0.106110
-0.111023
-0.081818
-0.031250
0.033539
0.095551
0.132843
0.149353
0.143463
0.121033
0.079254
0.022919
-0.024658
-0.065674
-0.100677
-0.117249
-0.116333
-0.093750
-0.064270
-0.032806
0.005096
0.040192
0.069397
0.086212
0.090790
0.086853
0.069855
0.045929
0.020294
-0.002228
-0.013184
-0.018280
-0.019775
-0.020264
-0.017761
-0.009949
-0.003937
0.000641
0.004913
0.005127
-0.000580
-0.011932
-0.023102
-0.029968
-0.032776
-0.031158
-0.024933
-0.012878
0.003723
0.019958
0.035431
0.046509
0.052155
0.051575
0.044922
0.034729
0.022491
0.010437
-0.001129
-0.010437
-0.016022
-0.018372
-0.016327
-0.007263
0.005341
0.019073
0.030060
0.036316
0.036896
0.032715
0.029205
0.024658
0.016602
0.007629
0.001099
-0.002197
-0.004639
-0.005402
-0.000397
0.006836
0.015747
0.022491
0.027100
0.032959
0.035370
0.033325
0.028076
0.019836
0.011414
0.002655
-0.004974
-0.009247
-0.010040
-0.008087
-0.006927
-0.006653
-0.002258
0.002319
0.005768
0.006927
0.008301
0.010132
0.010223
0.009979
0.011475
0.014374
0.017059
0.015991
0.012878
0.009888
0.005920
0.001099
-0.004639
-0.009155
-0.012848
-0.015808
-0.016266
-0.012634
-0.006744
-0.001740
0.000793
0.003571
0.004578
0.003998
0.001526
-0.003326
-0.006775
-0.009613
-0.011139
-0.013824
-0.013428
-0.012329
-0.011169
-0.013336
-0.018311
-0.020599
-0.024780
-0.027283
-0.027374
-0.027344
-0.022247
-0.018951
-0.019409
-0.019653
-0.020630
-0.020966
-0.025635
-0.032593
-0.036041
-0.045685
-0.055450
-0.066101
-0.076508
-0.082672
-0.096771
-0.098511
-0.068665
-0.018372
0.044037
0.094696
0.126465
0.142365
0.135345
0.110748
0.068665
0.018280
-0.021881
-0.062073
-0.093811
-0.108276
-0.104584
-0.080963
-0.054840
-0.024261
0.011169
0.044189
0.069580
0.080322
0.083405
0.079865
0.062561
0.039551
0.014191
-0.003510
-0.011353
-0.014740
-0.015137
-0.013672
-0.009644
-0.003998
-0.000824
0.002350
0.004791
0.003448
-0.003387
-0.015808
-0.026093
-0.031311
-0.032013
-0.028687
-0.021179
-0.007721
0.008392
0.022980
0.035248
0.044006
0.047852
0.045502
0.037842
0.027222
0.015869
0.005524
-0.003906
-0.010132
-0.013672
-0.014648
-0.010742
-0.001526
0.009125
0.019562
0.028351
0.031891
0.030853
0.026093
0.020447
0.019165
0.012939
0.002960
0.000214
-0.001190
-0.003082
-0.002533
0.000793
0.007568
0.013550
0.017365
0.021423
0.025055
0.029083
0.028229
0.023468
0.018066
0.010651
0.002777
-0.004791
-0.011505
-0.012695
-0.011353
-0.010437
-0.010071
-0.006653
-0.001129
0.001831
0.003418
0.007507
0.010315
0.011322
0.010071
0.008972
0.009644
0.010376
0.007904
0.004364
0.002167
-0.000336
-0.004486
-0.008759
-0.011658
-0.012970
-0.013947
-0.013885
-0.010895
-0.007324
-0.004395
-0.002991
-0.002655
-0.002563
-0.003937
-0.007568
-0.010071
-0.012054
-0.013824
-0.014069
-0.013947
-0.012421
-0.010406
-0.011993
-0.014282
-0.018494
-0.024597
-0.029846
-0.034790
-0.038696
-0.038605
-0.033844
-0.028717
-0.026489
-0.024048
-0.022675
-0.023041
-0.022766
-0.026367
-0.033020
-0.044281
-0.057434
-0.069855
-0.085297
-0.098083
-0.113525
-0.113922
-0.075531
-0.010742
0.059906
0.109924
0.137543
0.152679
0.142731
0.106415
0.055481
0.004089
-0.036316
-0.079071
-0.110992
-0.119873
-0.109192
-0.082123
-0.053223
-0.019043
0.019531
0.054504
0.078583
0.087067
0.086700
0.081604
0.062805
0.034149
0.005707
-0.010162
-0.015289
-0.020142
-0.021423
-0.018372
-0.012390
-0.007416
-0.004974
-0.000793
0.003174
0.001556
-0.006042
-0.018250
-0.027802
-0.031158
-0.030914
-0.026093
-0.018127
-0.004303
0.013092
0.027161
0.038086
0.045502
0.047974
0.043518
0.034119
0.023041
0.012268
0.002808
-0.004974
-0.011322
-0.014313
-0.012390
-0.005737
0.002228
0.012238
0.023315
0.030792
0.033203
0.031647
0.028687
0.025757
0.021423
0.011780
0.004486
0.002319
0.000702
-0.001495
-0.000122
0.005005
0.012177
0.017731
0.021393
0.025604
0.028931
0.029633
0.025238
0.020355
0.016724
0.010803
0.003845
-0.002411
-0.005493
-0.005768
-0.005219
-0.005615
-0.004211
-0.000885
0.001984
0.002808
0.004608
0.008545
0.011688
0.013031
0.013245
0.014923
0.017273
0.017090
0.013763
0.010010
0.006348
0.001404
-0.004333
-0.008484
-0.010559
-0.011414
-0.011993
-0.010651
-0.006348
-0.001831
0.000946
0.000763
0.000458
0.000488
-0.000183
-0.003876
-0.008484
-0.009003
-0.008179
-0.009735
-0.011963
-0.011993
-0.009949
-0.008331
-0.010529
-0.009430
-0.009460
-0.016479
-0.025085
-0.032379
-0.036011
-0.033813
-0.030884
-0.028107
-0.022369
-0.020325
-0.018555
-0.017792
-0.023346
-0.030762
-0.041656
-0.055115
-0.069305
-0.082581
-0.093872
-0.109161
-0.102905
-0.057251
0.008789
0.075012
0.117035
0.143646
0.157135
0.141327
0.100159
0.045959
-0.002228
-0.042419
-0.086029
-0.113464
-0.118134
-0.102112
-0.074707
-0.047028
-0.010712
0.029633
0.064697
0.086639
0.092834
0.094269
0.087006
0.063873
0.033081
0.004242
-0.010223
-0.016479
-0.023499
-0.024750
-0.019257
-0.011047
-0.005920
-0.003296
0.003021
0.008453
0.005341
-0.004517
-0.016479
-0.024017
-0.027588
-0.028748
-0.025024
-0.015594
-0.000549
0.016632
0.030792
0.042145
0.048889
0.049896
0.043152
0.031525
0.019470
0.008331
-0.000519
-0.007874
-0.012299
-0.011444
-0.007172
-0.000580
0.007172
0.016846
0.025909
0.030487
0.031189
0.029205
0.025299
0.021637
0.015778
0.005646
0.001343
0.000671
-0.000275
-0.000336
0.002106
0.007904
0.014069
0.017181
0.021179
0.024445
0.026398
0.024597
0.019348
0.014954
0.009918
0.004669
-0.000488
-0.005005
-0.006348
-0.007172
-0.007141
-0.006744
-0.005768
-0.002655
-0.001343
-0.000305
0.002136
0.005707
0.008698
0.009338
0.010071
0.012360
0.013184
0.012756
0.010590
0.007416
0.003204
-0.002228
-0.008118
-0.013245
-0.016327
-0.017273
-0.017548
-0.014557
-0.009460
-0.005219
-0.003174
-0.002502
-0.002319
-0.002075
-0.004150
-0.008759
-0.012146
-0.013641
-0.015472
-0.016510
-0.014404
-0.012207
-0.009644
-0.010315
-0.011810
-0.012726
-0.017700
-0.025024
-0.033356
-0.038025
-0.039032
-0.041229
-0.040497
-0.034363
-0.030121
-0.027954
-0.025421
-0.023224
-0.025757
-0.034302
-0.045380
-0.059387
-0.074585
-0.090515
-0.110016
-0.106018
-0.070526
-0.024109
0.031464
0.083466
0.123962
0.141022
0.131195
0.108032
0.068115
0.019012
-0.025452
-0.068298
-0.096954
-0.109375
-0.105713
-0.085938
-0.060883
-0.025909
0.011719
0.044037
0.068848
0.084045
0.091492
0.085419
0.064758
0.041443
0.017548
-0.003876
-0.019592
-0.026733
-0.026672
-0.024994
-0.020721
-0.012756
-0.006042
-0.000183
0.003784
0.004395
-0.001251
-0.010620
-0.018738
-0.026093
-0.029510
-0.027924
-0.021606
-0.010620
0.004364
0.019623
0.032928
0.041656
0.046234
0.043793
0.035736
0.024109
0.011871
0.001251
-0.006927
-0.011444
-0.011017
-0.005951
-0.000061
0.006409
0.014282
0.022797
0.028442
0.030731
0.030182
0.025696
0.020538
0.015808
0.006714
0.000153
-0.000183
0.001526
0.003296
0.005341
0.010468
0.016998
0.020721
0.023132
0.025238
0.026367
0.024902
0.019348
0.014191
0.010742
0.007568
0.004608
0.001282
-0.000153
-0.001007
-0.001587
-0.002563
-0.003235
-0.002075
-0.002838
-0.004852
-0.003784
0.000763
0.006744
0.011047
0.014404
0.018188
0.020844
0.020294
0.018188
0.014984
0.010773
0.003571
-0.004578
-0.011841
-0.016968
-0.019684
-0.019470
-0.017090
-0.011108
-0.005066
-0.000092
0.003448
0.006348
0.007355
0.005341
0.001404
-0.003387
-0.006836
-0.007904
-0.010925
-0.013947
-0.012848
-0.009064
-0.008606
-0.009888
-0.011078
-0.012268
-0.015381
-0.022095
-0.029419
-0.031830
-0.030487
-0.031067
-0.033325
-0.034302
-0.032043
-0.029510
-0.026947
-0.023865
-0.026062
-0.032257
-0.042725
-0.060059
-0.075043
-0.088531
-0.101501
-0.089355
-0.055634
-0.009552
0.049469
0.102356
0.134857
0.138916
0.125061
0.101776
0.056152
0.003906
-0.038025
-0.072083
-0.093964
-0.105713
-0.098053
-0.073761
-0.045135
-0.010468
0.023834
0.053986
0.077637
0.088989
0.091858
0.081268
0.063049
0.042908
0.018799
-0.003082
-0.017181
-0.021240
-0.021210
-0.022430
-0.018005
-0.008911
-0.003326
-0.000244
0.002289
0.003632
-0.001373
-0.010864
-0.018219
-0.023010
-0.023987
-0.020386
-0.012665
-0.000610
0.014343
0.027679
0.037537
0.043976
0.045593
0.041901
0.033234
0.021057
0.009583
0.001068
-0.005646
-0.007050
-0.005371
-0.001801
0.003510
0.009094
0.016632
0.024200
0.030457
0.033844
0.032013
0.026306
0.021301
0.014862
0.005920
0.001312
0.001709
0.003021
0.005005
0.008118
0.013916
0.019318
0.021912
0.023865
0.024078
0.023193
0.020111
0.015533
0.012146
0.009918
0.006653
0.002838
-0.000122
-0.000763
-0.000488
-0.001282
-0.002350
-0.002502
-0.001770
-0.003571
-0.005310
-0.003662
0.001221
0.005859
0.008423
0.012543
0.016754
0.019318
0.018707
0.015930
0.011932
0.006775
-0.000122
-0.008698
-0.015503
-0.019623
-0.022247
-0.023193
-0.020416
-0.015656
-0.008789
-0.004242
-0.000824
0.002258
0.003174
0.002258
-0.000763
-0.005951
-0.008759
-0.011383
-0.012054
-0.011627
-0.011597
-0.012543
-0.016418
-0.018616
-0.021606
-0.026093
-0.028809
-0.031952
-0.033447
-0.034760
-0.033783
-0.028259
-0.026245
-0.026428
-0.026276
-0.029083
-0.030670
-0.035126
-0.043030
-0.050964
-0.062958
-0.076324
-0.092010
-0.110718
-0.103607
-0.067993
-0.023712
0.028961
0.084015
0.126923
0.140594
0.127228
0.105530
0.068115
0.017914
-0.029114
-0.068787
-0.095490
-0.108551
-0.105072
-0.085327
-0.060211
-0.026184
0.009613
0.040680
0.064728
0.081726
0.091003
0.085571
0.067200
0.046600
0.024353
0.002411
-0.015198
-0.023590
-0.024994
-0.025024
-0.023132
-0.016266
-0.008514
-0.002350
0.001434
0.002563
-0.001465
-0.009552
-0.017883
-0.024628
-0.028076
-0.026459
-0.019836
-0.009430
0.003632
0.019073
0.032806
0.042297
0.046265
0.044769
0.037628
0.026001
0.013489
0.001556
-0.008057
-0.011597
-0.012085
-0.010925
-0.005096
0.003662
0.013641
0.022675
0.031128
0.036377
0.036102
0.032776
0.026550
0.017975
0.007202
-0.000183
-0.003235
-0.003784
-0.001038
0.005035
0.012268
0.018799
0.022827
0.026123
0.028290
0.026733
0.023102
0.017670
0.012787
0.009033
0.005829
0.003510
0.002502
0.002350
0.002350
0.001648
-0.000275
-0.001343
-0.000824
-0.001892
-0.004242
-0.003540
0.000153
0.004364
0.009216
0.014954
0.020172
0.022614
0.021698
0.019165
0.014923
0.009247
0.002350
-0.005402
-0.011902
-0.016388
-0.019165
-0.018951
-0.016022
-0.011383
-0.006317
-0.001984
0.000824
0.003174
0.004211
0.003143
0.001526
-0.000916
-0.003448
-0.007080
-0.011322
-0.012726
-0.011658
-0.011383
-0.012146
-0.009491
-0.005737
-0.009827
-0.014740
-0.020447
-0.026184
-0.026520
-0.028351
-0.030670
-0.028259
-0.028320
-0.031281
-0.035889
-0.036072
-0.031219
-0.031372
-0.036591
-0.044739
-0.055878
-0.064545
-0.077454
-0.087341
-0.071686
-0.042267
-0.016754
0.020081
0.074188
0.116821
0.122742
0.110992
0.100067
0.072479
0.024200
-0.023529
-0.055481
-0.075043
-0.089783
-0.093170
-0.081116
-0.055023
-0.020752
0.012695
0.040405
0.064728
0.084839
0.092377
0.081604
0.063232
0.050049
0.034210
0.009399
-0.012939
-0.019135
-0.017456
-0.019867
-0.020935
-0.012268
-0.002136
0.000916
0.000214
0.000702
-0.000092
-0.005890
-0.012817
-0.018951
-0.022125
-0.019684
-0.012634
-0.002869
0.009216
0.023712
0.036530
0.043518
0.044067
0.041656
0.035248
0.026154
0.014587
0.004181
-0.000946
-0.002899
-0.003784
-0.002014
0.003021
0.009674
0.015656
0.021698
0.028503
0.032349
0.034790
0.032379
0.026123
0.018280
0.010010
0.004944
0.001923
0.001434
0.005554
0.009766
0.014252
0.017700
0.020721
0.024780
0.024689
0.023743
0.022034
0.018219
0.015106
0.012115
0.010010
0.008026
0.005127
0.003662
0.001526
-0.001282
-0.003326
-0.004242
-0.005432
-0.007233
-0.006836
-0.002960
0.002319
0.007721
0.014526
0.020111
0.022247
0.021393
0.018890
0.016266
0.011047
0.004028
-0.002563
-0.009003
-0.014282
-0.018005
-0.019562
-0.018646
-0.016052
-0.012909
-0.010345
-0.006775
-0.001831
0.000885
-0.000366
-0.001343
-0.000732
-0.002045
-0.006714
-0.010712
-0.010376
-0.008850
-0.012451
-0.016418
-0.014221
-0.011353
-0.015259
-0.020691
-0.021973
-0.023132
-0.028381
-0.033447
-0.034149
-0.032715
-0.031158
-0.029938
-0.030548
-0.030365
-0.029816
-0.031769
-0.037415
-0.045654
-0.052979
-0.063171
-0.075439
-0.087524
-0.095306
-0.078888
-0.047913
-0.021820
0.019745
0.076355
0.118439
0.123718
0.109009
0.099579
0.070374
0.017151
-0.030701
-0.062744
-0.083099
-0.098633
-0.099915
-0.083313
-0.057068
-0.022186
0.011566
0.038910
0.062103
0.079834
0.087891
0.077789
0.058685
0.046082
0.030975
0.007538
-0.013855
-0.020599
-0.019073
-0.022614
-0.023987
-0.016693
-0.008820
-0.005829
-0.005554
-0.004059
-0.004639
-0.009491
-0.014252
-0.019653
-0.022705
-0.020630
-0.013977
-0.005341
0.004791
0.017883
0.030212
0.036835
0.039185
0.038177
0.032837
0.024078
0.013245
0.004028
-0.002991
-0.006226
-0.006805
-0.006073
-0.002228
0.003845
0.010681
0.018097
0.023895
0.029663
0.032227
0.029541
0.023010
0.014313
0.007385
0.001526
-0.001099
0.001160
0.007050
0.011993
0.014954
0.018951
0.022766
0.023895
0.022583
0.020721
0.018219
0.014740
0.010315
0.007416
0.005707
0.005066
0.004120
0.002502
0.000763
0.000488
-0.000061
-0.000854
-0.002075
-0.002136
-0.000671
0.001373
0.003723
0.007416
0.012665
0.015930
0.015594
0.015228
0.014618
0.012939
0.008698
0.003967
-0.000854
-0.005707
-0.010742
-0.014465
-0.015869
-0.014923
-0.012451
-0.009369
-0.006348
-0.003448
-0.000183
0.002289
0.001923
0.000153
-0.000397
-0.002716
-0.008209
-0.010498
-0.007782
-0.004700
-0.006165
-0.008209
-0.007751
-0.009583
-0.014374
-0.019043
-0.023132
-0.026031
-0.030365
-0.034698
-0.029907
-0.023102
-0.019928
-0.017548
-0.017639
-0.018555
-0.021942
-0.028931
-0.034576
-0.038483
-0.045685
-0.054382
-0.067322
-0.079071
-0.090393
-0.098755
-0.078552
-0.043732
-0.010559
0.038483
0.094604
0.132721
0.134705
0.120850
0.106293
0.067139
0.012238
-0.033600
-0.065857
-0.087067
-0.101593
-0.098450
-0.077942
-0.050629
-0.013184
0.020660
0.047913
0.069153
0.084473
0.090576
0.077728
0.058228
0.045471
0.029053
0.005890
-0.012390
-0.014282
-0.010864
-0.015350
-0.015259
-0.007812
-0.002197
-0.001465
-0.002167
-0.001190
-0.003815
-0.010101
-0.015839
-0.021301
-0.023071
-0.019012
-0.010223
0.000488
0.012451
0.025360
0.036224
0.040985
0.041687
0.039307
0.034210
0.026794
0.018402
0.011108
0.006378
0.004303
0.001831
0.000824
0.001984
0.005188
0.009613
0.014709
0.019867
0.024597
0.027222
0.026489
0.024261
0.019836
0.015900
0.013428
0.010315
0.009796
0.010651
0.011505
0.012329
0.013702
0.017395
0.021667
0.022034
0.022095
0.021576
0.019806
0.017090
0.013885
0.010864
0.007416
0.003632
0.000671
-0.001709
-0.003021
-0.002777
-0.002258
-0.001617
-0.000916
0.001282
0.005310
0.008209
0.010742
0.013062
0.014313
0.014313
0.014587
0.013916
0.012115
0.008209
0.003571
-0.001068
-0.006836
-0.011047
-0.012024
-0.012482
-0.011505
-0.009583
-0.006775
-0.004852
-0.005127
-0.003967
-0.002502
-0.005280
-0.007172
-0.007050
-0.007935
-0.010132
-0.010376
-0.006622
-0.005280
-0.007294
-0.009552
-0.012115
-0.014160
-0.018219
-0.022095
-0.023682
-0.026093
-0.026794
-0.027161
-0.026154
-0.023529
-0.024078
-0.020844
-0.020813
-0.026489
-0.031525
-0.036835
-0.039429
-0.046204
-0.052216
-0.056244
-0.064941
-0.074249
-0.085846
-0.095032
-0.076324
-0.041199
-0.009033
0.028717
0.080261
0.122742
0.126831
0.110687
0.094238
0.062683
0.014435
-0.033264
-0.067322
-0.088196
-0.097839
-0.092682
-0.076508
-0.050964
-0.014526
0.019135
0.041321
0.056641
0.071808
0.080109
0.069366
0.049805
0.036377
0.025269
0.008362
-0.008820
-0.012451
-0.009399
-0.011597
-0.015106
-0.012848
-0.008667
-0.008423
-0.008423
-0.008087
-0.011444
-0.015930
-0.018280
-0.020874
-0.023376
-0.019226
-0.008728
0.000244
0.007172
0.016479
0.026031
0.030060
0.030243
0.030548
0.027985
0.022369
0.016693
0.011780
0.009094
0.007416
0.006287
0.004242
0.002930
0.002594
0.004700
0.008179
0.011627
0.014618
0.017059
0.017609
0.016907
0.016418
0.016815
0.016479
0.014465
0.013428
0.013000
0.009888
0.007385
0.008759
0.012543
0.014465
0.013947
0.015076
0.016693
0.015991
0.015350
0.014343
0.012421
0.008942
0.003967
0.000397
-0.002930
-0.004547
-0.004761
-0.005249
-0.004395
-0.001984
0.002197
0.006439
0.008789
0.010864
0.012451
0.011963
0.010498
0.009247
0.008453
0.006744
0.003784
0.001373
-0.001282
-0.003754
-0.004578
-0.005157
-0.006073
-0.006653
-0.006042
-0.005554
-0.007111
-0.008453
-0.006561
-0.004639
-0.005676
-0.005432
-0.004547
-0.006714
-0.009735
-0.011292
-0.010193
-0.008789
-0.009857
-0.009064
-0.007080
-0.007477
-0.011536
-0.015686
-0.015015
-0.018219
-0.024902
-0.030518
-0.030701
-0.029449
-0.029144
-0.023132
-0.017792
-0.015656
-0.013763
-0.018311
-0.024536
-0.032166
-0.039459
-0.045105
-0.056458
-0.067596
-0.077911
-0.095337
-0.110107
-0.096832
-0.055328
-0.014618
0.033661
0.095703
0.143951
0.152374
0.133148
0.111755
0.076904
0.020874
-0.030457
-0.069763
-0.094635
